POPULAÇÃO TOTAL
Nacional: https://servicodados.ibge.gov.br/api/v3/agregados/1209/periodos/2022/variaveis/606?localidades=N1[all]&classificacao=58[0]
Estadual: https://servicodados.ibge.gov.br/api/v3/agregados/1209/periodos/2022/variaveis/606?localidades=N3[all]&classificacao=58[0]

POPULAÇÃO COM IDADE PARA TRABALHAR(14 ANOS OU MAIS)
Nacional: https://servicodados.ibge.gov.br/api/v3/agregados/5918/periodos/2022/variaveis/606?localidades=N1[all]&classificacao=58[114535,100052,108875,99127,3302]
Estadual: https://servicodados.ibge.gov.br/api/v3/agregados/5918/periodos/2022/variaveis/606?localidades=N3[all]&classificacao=58[114535,100052,108875,99127,3302]

POPULAÇÃO ABAIXO DA IDADE PARA TRABALHAR(MENORES DE 14 ANOS)
Nacional: https://servicodados.ibge.gov.br/api/v3/agregados/5918/periodos/2022/variaveis/606?localidades=N1[all]&classificacao=58[40288]
Estadual: https://servicodados.ibge.gov.br/api/v3/agregados/5918/periodos/2022/variaveis/606?localidades=N3[all]&classificacao=58[40288]

PESSOAS NA FORÇA DE TRABALHO
Nacional: https://servicodados.ibge.gov.br/api/v3/agregados/6463/periodos/201201|201202|201203|201204|201301|201302|201303|201304|201401|201402|201403|201404|201501|201502|201503|201504|201601|201602|201603|201604|201701|201702|201703|201704|201801|201802|201803|201804|201901|201902|201903|201904|202001|202002|202003|202004|202101|202102|202103|202104|202201|202202|202203|202204|202301|202302|202303/variaveis/1641?localidades=N1[all]&classificacao=629[32386]

Estadual: https://servicodados.ibge.gov.br/api/v3/agregados/6463/periodos/201201|201202|201203|201204|201301|201302|201303|201304|201401|201402|201403|201404|201501|201502|201503|201504|201601|201602|201603|201604|201701|201702|201703|201704|201801|201802|201803|201804|201901|201902|201903|201904|202001|202002|202003|202004|202101|202102|202103|202104|202201|202202|202203|202204|202301|202302|202303/variaveis/1641?localidades=N3[all]&classificacao=629[32386]

PESSOAS FORA DA FORÇA DE TRABALHO
Nacional: https://servicodados.ibge.gov.br/api/v3/agregados/6463/periodos/201201|201202|201203|201204|201301|201302|201303|201304|201401|201402|201403|201404|201501|201502|201503|201504|201601|201602|201603|201604|201701|201702|201703|201704|201801|201802|201803|201804|201901|201902|201903|201904|202001|202002|202003|202004|202101|202102|202103|202104|202201|202202|202203|202204|202301|202302|202303/variaveis/1641?localidades=N1[all]&classificacao=629[32447]

Estadual: https://servicodados.ibge.gov.br/api/v3/agregados/6463/periodos/201201|201202|201203|201204|201301|201302|201303|201304|201401|201402|201403|201404|201501|201502|201503|201504|201601|201602|201603|201604|201701|201702|201703|201704|201801|201802|201803|201804|201901|201902|201903|201904|202001|202002|202003|202004|202101|202102|202103|202104|202201|202202|202203|202204|202301|202302|202303/variaveis/1641?localidades=N3[all]&classificacao=629[32447]

OCUPADOS
Nacional: https://servicodados.ibge.gov.br/api/v3/agregados/6463/periodos/201201|201202|201203|201204|201301|201302|201303|201304|201401|201402|201403|201404|201501|201502|201503|201504|201601|201602|201603|201604|201701|201702|201703|201704|201801|201802|201803|201804|201901|201902|201903|201904|202001|202002|202003|202004|202101|202102|202103|202104|202201|202202|202203|202204|202301|202302|202303/variaveis/1641?localidades=N1[all]&classificacao=629[32387]

Estadual: https://servicodados.ibge.gov.br/api/v3/agregados/6463/periodos/201201|201202|201203|201204|201301|201302|201303|201304|201401|201402|201403|201404|201501|201502|201503|201504|201601|201602|201603|201604|201701|201702|201703|201704|201801|201802|201803|201804|201901|201902|201903|201904|202001|202002|202003|202004|202101|202102|202103|202104|202201|202202|202203|202204|202301|202302|202303/variaveis/1641?localidades=N3[all]&classificacao=629[32387]

DESOCUPADOS
Nacional: https://servicodados.ibge.gov.br/api/v3/agregados/6463/periodos/201201|201202|201203|201204|201301|201302|201303|201304|201401|201402|201403|201404|201501|201502|201503|201504|201601|201602|201603|201604|201701|201702|201703|201704|201801|201802|201803|201804|201901|201902|201903|201904|202001|202002|202003|202004|202101|202102|202103|202104|202201|202202|202203|202204|202301|202302|202303/variaveis/1641?localidades=N1[all]&classificacao=629[32446]

Estadual: https://servicodados.ibge.gov.br/api/v3/agregados/6463/periodos/201201|201202|201203|201204|201301|201302|201303|201304|201401|201402|201403|201404|201501|201502|201503|201504|201601|201602|201603|201604|201701|201702|201703|201704|201801|201802|201803|201804|201901|201902|201903|201904|202001|202002|202003|202004|202101|202102|202103|202104|202201|202202|202203|202204|202301|202302|202303/variaveis/1641?localidades=N3[all]&classificacao=629[32446]


FORÇA DE TRABALHO POTENCIAL
NACIONAL: https://servicodados.ibge.gov.br/api/v3/agregados/6482/periodos/201201|201202|201203|201204|201301|201302|201303|201304|201401|201402|201403|201404|201501|201502|201503|201504|201601|201602|201603|201604|201701|201702|201703|201704|201801|201802|201803|201804|201901|201902|201903|201904|202001|202002|202003|202004|202101|202102|202103|202104|202201|202202|202203|202204|202301|202302|202303/variaveis/1641?localidades=N1[all]&classificacao=604[31752]

ESTADUAL: https://servicodados.ibge.gov.br/api/v3/agregados/6482/periodos/201201%7C201202%7C201203%7C201204%7C201301%7C201302%7C201303%7C201304%7C201401%7C201402%7C201403%7C201404%7C201501%7C201502%7C201503%7C201504%7C201601%7C201602%7C201603%7C201604%7C201701%7C201702%7C201703%7C201704%7C201801%7C201802%7C201803%7C201804%7C201901%7C201902%7C201903%7C201904%7C202001%7C202002%7C202003%7C202004%7C202101%7C202102%7C202103%7C202104%7C202201%7C202202%7C202203%7C202204%7C202301%7C202302%7C202303/variaveis/1641?localidades=N3[all]&classificacao=604[31752]


FORA DA FORÇA DE TRABALHO POTENCIAL
NACIONAL:https://servicodados.ibge.gov.br/api/v3/agregados/4092/periodos/201201|201202|201203|201204|201301|201302|201303|201304|201401|201402|201403|201404|201501|201502|201503|201504|201601|201602|201603|201604|201701|201702|201703|201704|201801|201802|201803|201804|201901|201902|201903|201904|202001|202002|202003|202004|202101|202102|202103|202104|202201|202202|202203|202204|202301|202302|202303/variaveis/1641?localidades=N1[all]&classificacao=629[32447]

ESTADUAL:https://servicodados.ibge.gov.br/api/v3/agregados/4092/periodos/201201|201202|201203|201204|201301|201302|201303|201304|201401|201402|201403|201404|201501|201502|201503|201504|201601|201602|201603|201604|201701|201702|201703|201704|201801|201802|201803|201804|201901|201902|201903|201904|202001|202002|202003|202004|202101|202102|202103|202104|202201|202202|202203|202204|202301|202302|202303/variaveis/1641?localidades=N3[all]&classificacao=629[32447]

OCUPADOS QUE TRABALHAM HORAS SUFICIENTES

SUBOCUPADOS POR INSUFICINECIA DE HORAS TRABALHADAS
NACIONAL:https://servicodados.ibge.gov.br/api/v3/agregados/6482/periodos/201201%7C201202%7C201203%7C201204%7C201301%7C201302%7C201303%7C201304%7C201401%7C201402%7C201403%7C201404%7C201501%7C201502%7C201503%7C201504%7C201601%7C201602%7C201603%7C201604%7C201701%7C201702%7C201703%7C201704%7C201801%7C201802%7C201803%7C201804%7C201901%7C201902%7C201903%7C201904%7C202001%7C202002%7C202003%7C202004%7C202101%7C202102%7C202103%7C202104%7C202201%7C202202%7C202203%7C202204%7C202301%7C202302%7C202303/variaveis/1641?localidades=N1[all]&classificacao=604[31751]

ESTADUAL: https://servicodados.ibge.gov.br/api/v3/agregados/6482/periodos/201201|201202|201203|201204|201301|201302|201303|201304|201401|201402|201403|201404|201501|201502|201503|201504|201601|201602|201603|201604|201701|201702|201703|201704|201801|201802|201803|201804|201901|201902|201903|201904|202001|202002|202003|202004|202101|202102|202103|202104|202201|202202|202203|202204|202301|202302|202303/variaveis/1641?localidades=N3[all]&classificacao=604[31751]


DESALENTADO
Nacional:  https://servicodados.ibge.gov.br/api/v3/agregados/6482/periodos/201201|201202|201203|201204|201301|201302|201303|201304|201401|201402|201403|201404|201501|201502|201503|201504|201601|201602|201603|201604|201701|201702|201703|201704|201801|201802|201803|201804|201901|201902|201903|201904|202001|202002|202003|202004|202101|202102|202103|202104|202201|202202|202203|202204|202301|202302|202303/variaveis/1641?localidades=N1[all]&classificacao=604[46254]

Estadual: https://servicodados.ibge.gov.br/api/v3/agregados/6482/periodos/201201|201202|201203|201204|201301|201302|201303|201304|201401|201402|201403|201404|201501|201502|201503|201504|201601|201602|201603|201604|201701|201702|201703|201704|201801|201802|201803|201804|201901|201902|201903|201904|202001|202002|202003|202004|202101|202102|202103|202104|202201|202202|202203|202204|202301|202302|202303/variaveis/1641?localidades=N3[all]&classificacao=604[46254]
