SEXO

POPULAÇÃO
NACIONAL: https://servicodados.ibge.gov.br/api/v3/agregados/5917/periodos/201201|201202|201203|201204|201301|201302|201303|201304|201401|201402|201403|201404|201501|201502|201503|201504|201601|201602|201603|201604|201701|201702|201703|201704|201801|201802|201803|201804|201901|201902|201903|201904|202001|202202|202203|202204|202301|202302|202303/variaveis/606?localidades=N1[all]&classificacao=2[4,5]

ESTADUAL:https://servicodados.ibge.gov.br/api/v3/agregados/5917/periodos/201201|201202|201203|201204|201301|201302|201303|201304|201401|201402|201403|201404|201501|201502|201503|201504|201601|201602|201603|201604|201701|201702|201703|201704|201801|201802|201803|201804|201901|201902|201903|201904|202001|202202|202203|202204|202301|202302|202303/variaveis/606?localidades=N3[all]&classificacao=2[4,5]

PESSOAS DE 14 ANOS OU MAIS
NACIONAL:https://servicodados.ibge.gov.br/api/v3/agregados/4093/periodos/201201|201202|201203|201204|201301|201302|201303|201304|201401|201402|201403|201404|201501|201502|201503|201504|201601|201602|201603|201604|201701|201702|201703|201704|201801|201802|201803|201804|201901|201902|201903|201904|202001|202002|202003|202004|202101|202102|202103|202104|202201|202202|202203|202204|202301|202302|202303/variaveis/1641?localidades=N1[all]&classificacao=2[4,5]

ESTADUAL:https://servicodados.ibge.gov.br/api/v3/agregados/4093/periodos/201201|201202|201203|201204|201301|201302|201303|201304|201401|201402|201403|201404|201501|201502|201503|201504|201601|201602|201603|201604|201701|201702|201703|201704|201801|201802|201803|201804|201901|201902|201903|201904|202001|202002|202003|202004|202101|202102|202103|202104|202201|202202|202203|202204|202301|202302|202303/variaveis/1641?localidades=N3[all]&classificacao=2[4,5]

PESSOAS NA FORÇA DE TRABALHO/ FORA DA FORÇA DE TRABALHO/ OCUPADOS/DESOCUPADOS(5)
NACIONAL:https://servicodados.ibge.gov.br/api/v3/agregados/4093/periodos/201201|201202|201203|201204|201301|201302|201303|201304|201401|201402|201403|201404|201501|201502|201503|201504|201601|201602|201603|201604|201701|201702|201703|201704|201801|201802|201803|201804|201901|201902|201903|201904|202001|202002|202003|202004|202101|202102|202103|202104|202201|202202|202203|202204|202301|202302|202303/variaveis/1641|4088|4090|4092|4094?localidades=N1[all]&classificacao=2[4,5]

ESTADUAL: https://servicodados.ibge.gov.br/api/v3/agregados/4093/periodos/201201|201202|201203|201204|201301|201302|201303|201304|201401|201402|201403|201404|201501|201502|201503|201504|201601|201602|201603|201604|201701|201702|201703|201704|201801|201802|201803|201804|201901|201902|201903|201904|202001|202002|202003|202004|202101|202102|202103|202104|202201|202202|202203|202204|202301|202302|202303/variaveis/1641|4088|4090|4092|4094?localidades=N3[all]&classificacao=2[4,5]


PESSOAS NA FORÇA DE POTENCIAL/ SUBOCUPADOS(2)
NACIONAL:https://servicodados.ibge.gov.br/api/v3/agregados/6398/periodos/201201|201202|201203|201204|201301|201302|201303|201304|201401|201402|201403|201404|201501|201502|201503|201504|201601|201602|201603|201604|201701|201702|201703|201704|201801|201802|201803|201804|201901|201902|201903|201904|202001|202002|202003|202004|202101|202102|202103|202104|202201|202202|202203|202204|202301|202302|202303|202304/variaveis/8344|8346?localidades=N1[all]&classificacao=2[4,5]

ESTADUAL:https://servicodados.ibge.gov.br/api/v3/agregados/6398/periodos/201201|201202|201203|201204|201301|201302|201303|201304|201401|201402|201403|201404|201501|201502|201503|201504|201601|201602|201603|201604|201701|201702|201703|201704|201801|201802|201803|201804|201901|201902|201903|201904|202001|202002|202003|202004|202101|202102|202103|202104|202201|202202|202203|202204|202301|202302|202303|202304/variaveis/8344|8346?localidades=N3[all]&classificacao=2[4,5]

IDADE

POPULAÇÃO
NACIONAL:https://servicodados.ibge.gov.br/api/v3/agregados/5918/periodos/201201|201202|201203|201204|201301|201302|201303|201304|201401|201402|201403|201404|201501|201502|201503|201504|201601|201602|201603|201604|201701|201702|201703|201704|201801|201802|201803|201804|201901|201902|201903|201904|202001|202002|202003|202004|202101|202102|202103|202104|202201|202202|202203|202204|202301|202302|202303|202304/variaveis/606?localidades=N1[all]&classificacao=58[40288,114535,100052,108875,99127,3302]

ESTADUAL: https://servicodados.ibge.gov.br/api/v3/agregados/5918/periodos/201201|201202|201203|201204|201301|201302|201303|201304|201401|201402|201403|201404|201501|201502|201503|201504|201601|201602|201603|201604|201701|201702|201703|201704|201801|201802|201803|201804|201901|201902|201903|201904|202001|202002|202003|202004|202101|202102|202103|202104|202201|202202|202203|202204|202301|202302|202303|202304/variaveis/606?localidades=N3[all]&classificacao=58[40288,114535,100052,108875,99127,3302]

PESSOAS DE 14 ANOS OU MAIS/ NA FORÇA DE TRABALHO/FORA DA FORÇA DE TRABALHO/OCUPADOS/DESOCUPADOS(5)
NACIONAL: https://servicodados.ibge.gov.br/api/v3/agregados/4094/periodos/201201|201202|201203|201204|201301|201302|201303|201304|201401|201402|201403|201404|201501|201502|201503|201504|201601|201602|201603|201604|201701|201702|201703|201704|201801|201802|201803|201804|201901|201902|201903|201904|202001|202002|202003|202004|202101|202102|202103|202104|202201|202202|202203|202204|202301|202302|202303|202304/variaveis/1641|4088|4090|4092|4094?localidades=N1[all]&classificacao=58[114535,100052,108875,99127,3302]

ESTADUAL: https://servicodados.ibge.gov.br/api/v3/agregados/4094/periodos/201201|201202|201203|201204|201301|201302|201303|201304|201401|201402|201403|201404|201501|201502|201503|201504|201601|201602|201603|201604|201701|201702|201703|201704|201801|201802|201803|201804|201901|201902|201903|201904|202001|202002|202003|202004|202101|202102|202103|202104|202201|202202|202203|202204|202301|202302|202303|202304/variaveis/1641|4088|4090|4092|4094?localidades=N3[all]&classificacao=58[114535,100052,108875,99127,3302]

SUBOCUPADAS POR INSUFICIENCIA/ NA FORÇA DE TRABALHO POTENCIAL(2)
NACIONAL: https://servicodados.ibge.gov.br/api/v3/agregados/6399/periodos/201201|201202|201203|201204|201301|201302|201303|201304|201401|201402|201403|201404|201501|201502|201503|201504|201601|201602|201603|201604|201701|201702|201703|201704|201801|201802|201803|201804|201901|201902|201903|201904|202001|202202|202203|202204|202301|202302|202303|202304/variaveis/8344|8346?localidades=N1[all]&classificacao=58[114535,100052,108875,99127,3302]

ESTADUAL:https://servicodados.ibge.gov.br/api/v3/agregados/6399/periodos/201201|201202|201203|201204|201301|201302|201303|201304|201401|201402|201403|201404|201501|201502|201503|201504|201601|201602|201603|201604|201701|201702|201703|201704|201801|201802|201803|201804|201901|201902|201903|201904|202001|202202|202203|202204|202301|202302|202303|202304/variaveis/8344|8346?localidades=N3[all]&classificacao=58[114535,100052,108875,99127,3302]


RAÇA

POPULAÇÃO
NACIONAL: https://servicodados.ibge.gov.br/api/v3/agregados/6403/periodos/201201|201202|201203|201204|201301|201302|201303|201304|201401|201402|201403|201404|201501|201502|201503|201504|201601|201602|201603|201604|201701|201702|201703|201704|201801|201802|201803|201804|201901|201902|201903|201904|202001|202002|202003|202004|202101|202102|202103|202104|202201|202202|202203|202204|202301|202302|202303|202304/variaveis/606?localidades=N1[all]&classificacao=86[2776,2777,2779]

ESTADUAL: https://servicodados.ibge.gov.br/api/v3/agregados/6403/periodos/201201|201202|201203|201204|201301|201302|201303|201304|201401|201402|201403|201404|201501|201502|201503|201504|201601|201602|201603|201604|201701|201702|201703|201704|201801|201802|201803|201804|201901|201902|201903|201904|202001|202002|202003|202004|202101|202102|202103|202104|202201|202202|202203|202204|202301|202302|202303|202304/variaveis/606?localidades=N3[all]&classificacao=86[2776,2777,2779]

NA FORÇA DE TRABALHO/ FORA DA FORÇA DE TRABALHO/ OCUPADOS/ DESOCUPADOS(4)
NACIONAL: https://servicodados.ibge.gov.br/api/v3/agregados/6402/periodos/201201|201202|201203|201204|201301|201302|201303|201304|201401|201402|201403|201404|201501|201502|201503|201504|201601|201602|201603|201604|201701|201702|201703|201704|201801|201802|201803|201804|201901|201902|201903|201904|202001|202002|202003|202004|202101|202102|202103|202104|202201|202202|202203|202204|202301|202302|202303|202304/variaveis/4088|4090|4092|4094?localidades=N1[all]&classificacao=86[2776,2777,2779]

ESTADUAL: https://servicodados.ibge.gov.br/api/v3/agregados/6402/periodos/201201|201202|201203|201204|201301|201302|201303|201304|201401|201402|201403|201404|201501|201502|201503|201504|201601|201602|201603|201604|201701|201702|201703|201704|201801|201802|201803|201804|201901|201902|201903|201904|202001|202002|202003|202004|202101|202102|202103|202104|202201|202202|202203|202204|202301|202302|202303|202304/variaveis/4088|4090|4092|4094?localidades=N3[all]&classificacao=86[2776,2777,2779]

GRAU DE INSTRUÇÃO(NIVEL DE ESCOLARIDADE)

POPULAÇÃO
NACIONAL: https://servicodados.ibge.gov.br/api/v3/agregados/5919/periodos/201201|201202|201203|201204|201301|201302|201303|201304|201401|201402|201403|201404|201501|201502|201503|201504|201601|201602|201603|201604|201701|201702|201703|201704|201801|201802|201803|201804|201901|201902|201903|201904|202001|202002|202003|202004|202101|202102|202103|202104|202201|202202|202203|202204|202301|202302|202303|202304/variaveis/606?localidades=N1[all]&classificacao=1568[120706,11779,11628,11629,11630,11631,11632,11626]

ESTADUAL: https://servicodados.ibge.gov.br/api/v3/agregados/5919/periodos/201201|201202|201203|201204|201301|201302|201303|201304|201401|201402|201403|201404|201501|201502|201503|201504|201601|201602|201603|201604|201701|201702|201703|201704|201801|201802|201803|201804|201901|201902|201903|201904|202001|202002|202003|202004|202101|202102|202103|202104|202201|202202|202203|202204|202301|202302|202303|202304/variaveis/606?localidades=N3[all]&classificacao=1568[120706,11779,11628,11629,11630,11631,11632,11626]

PESSOAS DE 14 ANOS OU MAIS/NA FORÇA DE TRABALHO/FORA DA FORÇA DE TRABALHO/OCUPADOS/DESOCUPADOS(5)
NACIONAL:https://servicodados.ibge.gov.br/api/v3/agregados/4095/periodos/201201|201202|201203|201204|201301|201302|201303|201304|201401|201402|201403|201404|201501|201502|201503|201504|201601|201602|201603|201604|201701|201702|201703|201704|201801|201802|201803|201804|201901|201902|201903|201904|202001|202002|202003|202004|202101|202102|202103|202104|202201|202202|202203|202204|202301|202302|202303|202304/variaveis/1641|4088|4090|4092|4094?localidades=N1[all]&classificacao=1568[120706,11779,11628,11629,11630,11631,11632,11626]

PESSOAS DE 14 ANOS OU MAIS/NA FORÇA DE TRABALHO/OCUPADOS/DESOCUPADOS
ESTADUAL:https://servicodados.ibge.gov.br/api/v3/agregados/4095/periodos/201201|201202|201203|201204|201301|201302|201303|201304|201401|201402|201403|201404|201501|201502|201503|201504|201601|201602|201603|201604|201701|201702|201703|201704|201801|201802|201803|201804|201901|201902|201903|201904|202001|202002|202003|202004|202101|202102|202103|202104|202201|202202|202203|202204|202301|202302|202303|202304/variaveis/1641|4088|4090|4092?localidades=N3[all]&classificacao=1568[120706,11779,11628,11629,11630,11631,11632,11626]

FORA DA FORÇA DE TRABALHO
ESTADUAL:https://servicodados.ibge.gov.br/api/v3/agregados/4095/periodos/201201|201202|201203|201204|201301|201302|201303|201304|201401|201402|201403|201404|201501|201502|201503|201504|201601|201602|201603|201604|201701|201702|201703|201704|201801|201802|201803|201804|201901|201902|201903|201904|202001|202002|202003|202004|202101|202102|202103|202104|202201|202202|202203|202204|202301|202302|202303|202304/variaveis/4094?localidades=N3[all]&classificacao=1568[120706,11779,11628,11629,11630,11631,11632,11626]


